A = [4,0,-1,0,0 ; 0,7,-5,0,0; -1,-5,10,-1,-3; 0,0,-1,5,0; 0,0,-3, 0, 9]
B = [5;1;-2;9;-3] %or [5 1 -2 9 -3]' transposes

X = A\B